[gd_scene format=3 uid="uid://guvo827rkfe6"]

[ext_resource type="Script" uid="uid://cotphobbpe5ov" path="res://scripts/testWorldMulti.gd" id="1_bgg07"]
[ext_resource type="Material" uid="uid://cdfxk1fj3i6od" path="res://Scenes/Dev/TextWorldTextures/groundMat.tres" id="1_c0r2u"]
[ext_resource type="Material" uid="uid://pakhjtwjlb5c" path="res://Scenes/Dev/TextWorldTextures/wallMat.tres" id="2_bgg07"]
[ext_resource type="Material" uid="uid://bwa8po1n47x63" path="res://assets/Water/water.material" id="4_68y37"]
[ext_resource type="PackedScene" uid="uid://brfn3uharwvev" path="res://assets/Truck/truckTemp.tscn" id="4_q1lu1"]

[sub_resource type="PlaneMesh" id="PlaneMesh_q1lu1"]
material = ExtResource("1_c0r2u")
size = Vector2(50, 100)

[sub_resource type="ConcavePolygonShape3D" id="ConcavePolygonShape3D_q1lu1"]
data = PackedVector3Array(25, 0, 50, -25, 0, 50, 25, 0, -50, -25, 0, 50, -25, 0, -50, 25, 0, -50)

[sub_resource type="PlaneMesh" id="PlaneMesh_68y37"]
material = ExtResource("1_c0r2u")
size = Vector2(25, 100)

[sub_resource type="ConcavePolygonShape3D" id="ConcavePolygonShape3D_68y37"]
data = PackedVector3Array(12.5, 0, 50, -12.5, 0, 50, 12.5, 0, -50, -12.5, 0, 50, -12.5, 0, -50, 12.5, 0, -50)

[sub_resource type="PlaneMesh" id="PlaneMesh_w3jww"]
material = ExtResource("1_c0r2u")
size = Vector2(25, 25)

[sub_resource type="ConcavePolygonShape3D" id="ConcavePolygonShape3D_w3jww"]
data = PackedVector3Array(12.5, 0, 12.5, -12.5, 0, 12.5, 12.5, 0, -12.5, -12.5, 0, 12.5, -12.5, 0, -12.5, 12.5, 0, -12.5)

[sub_resource type="ConcavePolygonShape3D" id="ConcavePolygonShape3D_4n8x5"]
data = PackedVector3Array(12.5, 0, 12.5, -12.5, 0, 12.5, 12.5, 0, -12.5, -12.5, 0, 12.5, -12.5, 0, -12.5, 12.5, 0, -12.5)

[sub_resource type="PlaneMesh" id="PlaneMesh_3vklb"]
material = ExtResource("1_c0r2u")
size = Vector2(25, 4.472)

[sub_resource type="ConcavePolygonShape3D" id="ConcavePolygonShape3D_yj2j3"]
data = PackedVector3Array(12.5, 0, 2.236, -12.5, 0, 2.236, 12.5, 0, -2.236, -12.5, 0, 2.236, -12.5, 0, -2.236, 12.5, 0, -2.236)

[sub_resource type="ConcavePolygonShape3D" id="ConcavePolygonShape3D_r6r1r"]
data = PackedVector3Array(12.5, 0, 2.236, -12.5, 0, 2.236, 12.5, 0, -2.236, -12.5, 0, 2.236, -12.5, 0, -2.236, 12.5, 0, -2.236)

[sub_resource type="PlaneMesh" id="PlaneMesh_r536u"]
material = ExtResource("1_c0r2u")
size = Vector2(25, 50)

[sub_resource type="ConcavePolygonShape3D" id="ConcavePolygonShape3D_06h5q"]
data = PackedVector3Array(12.5, 0, 25, -12.5, 0, 25, 12.5, 0, -25, -12.5, 0, 25, -12.5, 0, -25, 12.5, 0, -25)

[sub_resource type="PlaneMesh" id="PlaneMesh_nefkt"]
material = ExtResource("1_c0r2u")
size = Vector2(2.828, 50)

[sub_resource type="ConcavePolygonShape3D" id="ConcavePolygonShape3D_c6wqj"]
data = PackedVector3Array(1.4139999, 0, 25, -1.4139999, 0, 25, 1.4139999, 0, -25, -1.4139999, 0, 25, -1.4139999, 0, -25, 1.4139999, 0, -25)

[sub_resource type="ConcavePolygonShape3D" id="ConcavePolygonShape3D_yhl2s"]
data = PackedVector3Array(1.4139999, 0, 25, -1.4139999, 0, 25, 1.4139999, 0, -25, -1.4139999, 0, 25, -1.4139999, 0, -25, 1.4139999, 0, -25)

[sub_resource type="BoxMesh" id="BoxMesh_w3jww"]
size = Vector3(2, 2, 2)

[sub_resource type="ConcavePolygonShape3D" id="ConcavePolygonShape3D_3vklb"]
data = PackedVector3Array(-1, 1, 1, 1, 1, 1, -1, -1, 1, 1, 1, 1, 1, -1, 1, -1, -1, 1, 1, 1, -1, -1, 1, -1, 1, -1, -1, -1, 1, -1, -1, -1, -1, 1, -1, -1, 1, 1, 1, 1, 1, -1, 1, -1, 1, 1, 1, -1, 1, -1, -1, 1, -1, 1, -1, 1, -1, -1, 1, 1, -1, -1, -1, -1, 1, 1, -1, -1, 1, -1, -1, -1, 1, 1, 1, -1, 1, 1, 1, 1, -1, -1, 1, 1, -1, 1, -1, 1, 1, -1, -1, -1, 1, 1, -1, 1, -1, -1, -1, 1, -1, 1, 1, -1, -1, -1, -1, -1)

[sub_resource type="ConcavePolygonShape3D" id="ConcavePolygonShape3D_ltvg4"]
data = PackedVector3Array(-1, 1, 1, 1, 1, 1, -1, -1, 1, 1, 1, 1, 1, -1, 1, -1, -1, 1, 1, 1, -1, -1, 1, -1, 1, -1, -1, -1, 1, -1, -1, -1, -1, 1, -1, -1, 1, 1, 1, 1, 1, -1, 1, -1, 1, 1, 1, -1, 1, -1, -1, 1, -1, 1, -1, 1, -1, -1, 1, 1, -1, -1, -1, -1, 1, 1, -1, -1, 1, -1, -1, -1, 1, 1, 1, -1, 1, 1, 1, 1, -1, -1, 1, 1, -1, 1, -1, 1, 1, -1, -1, -1, 1, 1, -1, 1, -1, -1, -1, 1, -1, 1, 1, -1, -1, -1, -1, -1)

[sub_resource type="ConcavePolygonShape3D" id="ConcavePolygonShape3D_nefkt"]
data = PackedVector3Array(-1, 1, 1, 1, 1, 1, -1, -1, 1, 1, 1, 1, 1, -1, 1, -1, -1, 1, 1, 1, -1, -1, 1, -1, 1, -1, -1, -1, 1, -1, -1, -1, -1, 1, -1, -1, 1, 1, 1, 1, 1, -1, 1, -1, 1, 1, 1, -1, 1, -1, -1, 1, -1, 1, -1, 1, -1, -1, 1, 1, -1, -1, -1, -1, 1, 1, -1, -1, 1, -1, -1, -1, 1, 1, 1, -1, 1, 1, 1, 1, -1, -1, 1, 1, -1, 1, -1, 1, 1, -1, -1, -1, 1, 1, -1, 1, -1, -1, -1, 1, -1, 1, 1, -1, -1, -1, -1, -1)

[sub_resource type="ConcavePolygonShape3D" id="ConcavePolygonShape3D_r536u"]
data = PackedVector3Array(-1, 1, 1, 1, 1, 1, -1, -1, 1, 1, 1, 1, 1, -1, 1, -1, -1, 1, 1, 1, -1, -1, 1, -1, 1, -1, -1, -1, 1, -1, -1, -1, -1, 1, -1, -1, 1, 1, 1, 1, 1, -1, 1, -1, 1, 1, 1, -1, 1, -1, -1, 1, -1, 1, -1, 1, -1, -1, 1, 1, -1, -1, -1, -1, 1, 1, -1, -1, 1, -1, -1, -1, 1, 1, 1, -1, 1, 1, 1, 1, -1, -1, 1, 1, -1, 1, -1, 1, 1, -1, -1, -1, 1, 1, -1, 1, -1, -1, -1, 1, -1, 1, 1, -1, -1, -1, -1, -1)

[sub_resource type="ConcavePolygonShape3D" id="ConcavePolygonShape3D_fmtqk"]
data = PackedVector3Array(-1, 1, 1, 1, 1, 1, -1, -1, 1, 1, 1, 1, 1, -1, 1, -1, -1, 1, 1, 1, -1, -1, 1, -1, 1, -1, -1, -1, 1, -1, -1, -1, -1, 1, -1, -1, 1, 1, 1, 1, 1, -1, 1, -1, 1, 1, 1, -1, 1, -1, -1, 1, -1, 1, -1, 1, -1, -1, 1, 1, -1, -1, -1, -1, 1, 1, -1, -1, 1, -1, -1, -1, 1, 1, 1, -1, 1, 1, 1, 1, -1, -1, 1, 1, -1, 1, -1, 1, 1, -1, -1, -1, 1, 1, -1, 1, -1, -1, -1, 1, -1, 1, 1, -1, -1, -1, -1, -1)

[sub_resource type="ConcavePolygonShape3D" id="ConcavePolygonShape3D_odlq7"]
data = PackedVector3Array(-1, 1, 1, 1, 1, 1, -1, -1, 1, 1, 1, 1, 1, -1, 1, -1, -1, 1, 1, 1, -1, -1, 1, -1, 1, -1, -1, -1, 1, -1, -1, -1, -1, 1, -1, -1, 1, 1, 1, 1, 1, -1, 1, -1, 1, 1, 1, -1, 1, -1, -1, 1, -1, 1, -1, 1, -1, -1, 1, 1, -1, -1, -1, -1, 1, 1, -1, -1, 1, -1, -1, -1, 1, 1, 1, -1, 1, 1, 1, 1, -1, -1, 1, 1, -1, 1, -1, 1, 1, -1, -1, -1, 1, 1, -1, 1, -1, -1, -1, 1, -1, 1, 1, -1, -1, -1, -1, -1)

[sub_resource type="ConcavePolygonShape3D" id="ConcavePolygonShape3D_6nuhn"]
data = PackedVector3Array(-1, 1, 1, 1, 1, 1, -1, -1, 1, 1, 1, 1, 1, -1, 1, -1, -1, 1, 1, 1, -1, -1, 1, -1, 1, -1, -1, -1, 1, -1, -1, -1, -1, 1, -1, -1, 1, 1, 1, 1, 1, -1, 1, -1, 1, 1, 1, -1, 1, -1, -1, 1, -1, 1, -1, 1, -1, -1, 1, 1, -1, -1, -1, -1, 1, 1, -1, -1, 1, -1, -1, -1, 1, 1, 1, -1, 1, 1, 1, 1, -1, -1, 1, 1, -1, 1, -1, 1, 1, -1, -1, -1, 1, 1, -1, 1, -1, -1, -1, 1, -1, 1, 1, -1, -1, -1, -1, -1)

[sub_resource type="ConcavePolygonShape3D" id="ConcavePolygonShape3D_n2bwo"]
data = PackedVector3Array(-1, 1, 1, 1, 1, 1, -1, -1, 1, 1, 1, 1, 1, -1, 1, -1, -1, 1, 1, 1, -1, -1, 1, -1, 1, -1, -1, -1, 1, -1, -1, -1, -1, 1, -1, -1, 1, 1, 1, 1, 1, -1, 1, -1, 1, 1, 1, -1, 1, -1, -1, 1, -1, 1, -1, 1, -1, -1, 1, 1, -1, -1, -1, -1, 1, 1, -1, -1, 1, -1, -1, -1, 1, 1, 1, -1, 1, 1, 1, 1, -1, -1, 1, 1, -1, 1, -1, 1, 1, -1, -1, -1, 1, 1, -1, 1, -1, -1, -1, 1, -1, 1, 1, -1, -1, -1, -1, -1)

[sub_resource type="ConcavePolygonShape3D" id="ConcavePolygonShape3D_gkit0"]
data = PackedVector3Array(-1, 1, 1, 1, 1, 1, -1, -1, 1, 1, 1, 1, 1, -1, 1, -1, -1, 1, 1, 1, -1, -1, 1, -1, 1, -1, -1, -1, 1, -1, -1, -1, -1, 1, -1, -1, 1, 1, 1, 1, 1, -1, 1, -1, 1, 1, 1, -1, 1, -1, -1, 1, -1, 1, -1, 1, -1, -1, 1, 1, -1, -1, -1, -1, 1, 1, -1, -1, 1, -1, -1, -1, 1, 1, 1, -1, 1, 1, 1, 1, -1, -1, 1, 1, -1, 1, -1, 1, 1, -1, -1, -1, 1, 1, -1, 1, -1, -1, -1, 1, -1, 1, 1, -1, -1, -1, -1, -1)

[sub_resource type="ConcavePolygonShape3D" id="ConcavePolygonShape3D_chu0e"]
data = PackedVector3Array(-1, 1, 1, 1, 1, 1, -1, -1, 1, 1, 1, 1, 1, -1, 1, -1, -1, 1, 1, 1, -1, -1, 1, -1, 1, -1, -1, -1, 1, -1, -1, -1, -1, 1, -1, -1, 1, 1, 1, 1, 1, -1, 1, -1, 1, 1, 1, -1, 1, -1, -1, 1, -1, 1, -1, 1, -1, -1, 1, 1, -1, -1, -1, -1, 1, 1, -1, -1, 1, -1, -1, -1, 1, 1, 1, -1, 1, 1, 1, 1, -1, -1, 1, 1, -1, 1, -1, 1, 1, -1, -1, -1, 1, 1, -1, 1, -1, -1, -1, 1, -1, 1, 1, -1, -1, -1, -1, -1)

[sub_resource type="ConcavePolygonShape3D" id="ConcavePolygonShape3D_hlrmv"]
data = PackedVector3Array(-1, 1, 1, 1, 1, 1, -1, -1, 1, 1, 1, 1, 1, -1, 1, -1, -1, 1, 1, 1, -1, -1, 1, -1, 1, -1, -1, -1, 1, -1, -1, -1, -1, 1, -1, -1, 1, 1, 1, 1, 1, -1, 1, -1, 1, 1, 1, -1, 1, -1, -1, 1, -1, 1, -1, 1, -1, -1, 1, 1, -1, -1, -1, -1, 1, 1, -1, -1, 1, -1, -1, -1, 1, 1, 1, -1, 1, 1, 1, 1, -1, -1, 1, 1, -1, 1, -1, 1, 1, -1, -1, -1, 1, 1, -1, 1, -1, -1, -1, 1, -1, 1, 1, -1, -1, -1, -1, -1)

[sub_resource type="ConcavePolygonShape3D" id="ConcavePolygonShape3D_02tkd"]
data = PackedVector3Array(-1, 1, 1, 1, 1, 1, -1, -1, 1, 1, 1, 1, 1, -1, 1, -1, -1, 1, 1, 1, -1, -1, 1, -1, 1, -1, -1, -1, 1, -1, -1, -1, -1, 1, -1, -1, 1, 1, 1, 1, 1, -1, 1, -1, 1, 1, 1, -1, 1, -1, -1, 1, -1, 1, -1, 1, -1, -1, 1, 1, -1, -1, -1, -1, 1, 1, -1, -1, 1, -1, -1, -1, 1, 1, 1, -1, 1, 1, 1, 1, -1, -1, 1, 1, -1, 1, -1, 1, 1, -1, -1, -1, 1, 1, -1, 1, -1, -1, -1, 1, -1, 1, 1, -1, -1, -1, -1, -1)

[sub_resource type="ConcavePolygonShape3D" id="ConcavePolygonShape3D_m1j66"]
data = PackedVector3Array(-1, 1, 1, 1, 1, 1, -1, -1, 1, 1, 1, 1, 1, -1, 1, -1, -1, 1, 1, 1, -1, -1, 1, -1, 1, -1, -1, -1, 1, -1, -1, -1, -1, 1, -1, -1, 1, 1, 1, 1, 1, -1, 1, -1, 1, 1, 1, -1, 1, -1, -1, 1, -1, 1, -1, 1, -1, -1, 1, 1, -1, -1, -1, -1, 1, 1, -1, -1, 1, -1, -1, -1, 1, 1, 1, -1, 1, 1, 1, 1, -1, -1, 1, 1, -1, 1, -1, 1, 1, -1, -1, -1, 1, 1, -1, 1, -1, -1, -1, 1, -1, 1, 1, -1, -1, -1, -1, -1)

[sub_resource type="ConcavePolygonShape3D" id="ConcavePolygonShape3D_046ik"]
data = PackedVector3Array(-1, 1, 1, 1, 1, 1, -1, -1, 1, 1, 1, 1, 1, -1, 1, -1, -1, 1, 1, 1, -1, -1, 1, -1, 1, -1, -1, -1, 1, -1, -1, -1, -1, 1, -1, -1, 1, 1, 1, 1, 1, -1, 1, -1, 1, 1, 1, -1, 1, -1, -1, 1, -1, 1, -1, 1, -1, -1, 1, 1, -1, -1, -1, -1, 1, 1, -1, -1, 1, -1, -1, -1, 1, 1, 1, -1, 1, 1, 1, 1, -1, -1, 1, 1, -1, 1, -1, 1, 1, -1, -1, -1, 1, 1, -1, 1, -1, -1, -1, 1, -1, 1, 1, -1, -1, -1, -1, -1)

[sub_resource type="ConcavePolygonShape3D" id="ConcavePolygonShape3D_msiam"]
data = PackedVector3Array(-1, 1, 1, 1, 1, 1, -1, -1, 1, 1, 1, 1, 1, -1, 1, -1, -1, 1, 1, 1, -1, -1, 1, -1, 1, -1, -1, -1, 1, -1, -1, -1, -1, 1, -1, -1, 1, 1, 1, 1, 1, -1, 1, -1, 1, 1, 1, -1, 1, -1, -1, 1, -1, 1, -1, 1, -1, -1, 1, 1, -1, -1, -1, -1, 1, 1, -1, -1, 1, -1, -1, -1, 1, 1, 1, -1, 1, 1, 1, 1, -1, -1, 1, 1, -1, 1, -1, 1, 1, -1, -1, -1, 1, 1, -1, 1, -1, -1, -1, 1, -1, 1, 1, -1, -1, -1, -1, -1)

[sub_resource type="ConcavePolygonShape3D" id="ConcavePolygonShape3D_fw86u"]
data = PackedVector3Array(-1, 1, 1, 1, 1, 1, -1, -1, 1, 1, 1, 1, 1, -1, 1, -1, -1, 1, 1, 1, -1, -1, 1, -1, 1, -1, -1, -1, 1, -1, -1, -1, -1, 1, -1, -1, 1, 1, 1, 1, 1, -1, 1, -1, 1, 1, 1, -1, 1, -1, -1, 1, -1, 1, -1, 1, -1, -1, 1, 1, -1, -1, -1, -1, 1, 1, -1, -1, 1, -1, -1, -1, 1, 1, 1, -1, 1, 1, 1, 1, -1, -1, 1, 1, -1, 1, -1, 1, 1, -1, -1, -1, 1, 1, -1, 1, -1, -1, -1, 1, -1, 1, 1, -1, -1, -1, -1, -1)

[sub_resource type="ConcavePolygonShape3D" id="ConcavePolygonShape3D_nke76"]
data = PackedVector3Array(-1, 1, 1, 1, 1, 1, -1, -1, 1, 1, 1, 1, 1, -1, 1, -1, -1, 1, 1, 1, -1, -1, 1, -1, 1, -1, -1, -1, 1, -1, -1, -1, -1, 1, -1, -1, 1, 1, 1, 1, 1, -1, 1, -1, 1, 1, 1, -1, 1, -1, -1, 1, -1, 1, -1, 1, -1, -1, 1, 1, -1, -1, -1, -1, 1, 1, -1, -1, 1, -1, -1, -1, 1, 1, 1, -1, 1, 1, 1, 1, -1, -1, 1, 1, -1, 1, -1, 1, 1, -1, -1, -1, 1, 1, -1, 1, -1, -1, -1, 1, -1, 1, 1, -1, -1, -1, -1, -1)

[sub_resource type="ConcavePolygonShape3D" id="ConcavePolygonShape3D_sy8a2"]
data = PackedVector3Array(-1, 1, 1, 1, 1, 1, -1, -1, 1, 1, 1, 1, 1, -1, 1, -1, -1, 1, 1, 1, -1, -1, 1, -1, 1, -1, -1, -1, 1, -1, -1, -1, -1, 1, -1, -1, 1, 1, 1, 1, 1, -1, 1, -1, 1, 1, 1, -1, 1, -1, -1, 1, -1, 1, -1, 1, -1, -1, 1, 1, -1, -1, -1, -1, 1, 1, -1, -1, 1, -1, -1, -1, 1, 1, 1, -1, 1, 1, 1, 1, -1, -1, 1, 1, -1, 1, -1, 1, 1, -1, -1, -1, 1, 1, -1, 1, -1, -1, -1, 1, -1, 1, 1, -1, -1, -1, -1, -1)

[sub_resource type="ConcavePolygonShape3D" id="ConcavePolygonShape3D_7q1fm"]
data = PackedVector3Array(-1, 1, 1, 1, 1, 1, -1, -1, 1, 1, 1, 1, 1, -1, 1, -1, -1, 1, 1, 1, -1, -1, 1, -1, 1, -1, -1, -1, 1, -1, -1, -1, -1, 1, -1, -1, 1, 1, 1, 1, 1, -1, 1, -1, 1, 1, 1, -1, 1, -1, -1, 1, -1, 1, -1, 1, -1, -1, 1, 1, -1, -1, -1, -1, 1, 1, -1, -1, 1, -1, -1, -1, 1, 1, 1, -1, 1, 1, 1, 1, -1, -1, 1, 1, -1, 1, -1, 1, 1, -1, -1, -1, 1, 1, -1, 1, -1, -1, -1, 1, -1, 1, 1, -1, -1, -1, -1, -1)

[sub_resource type="ConcavePolygonShape3D" id="ConcavePolygonShape3D_x4vop"]
data = PackedVector3Array(-1, 1, 1, 1, 1, 1, -1, -1, 1, 1, 1, 1, 1, -1, 1, -1, -1, 1, 1, 1, -1, -1, 1, -1, 1, -1, -1, -1, 1, -1, -1, -1, -1, 1, -1, -1, 1, 1, 1, 1, 1, -1, 1, -1, 1, 1, 1, -1, 1, -1, -1, 1, -1, 1, -1, 1, -1, -1, 1, 1, -1, -1, -1, -1, 1, 1, -1, -1, 1, -1, -1, -1, 1, 1, 1, -1, 1, 1, 1, 1, -1, -1, 1, 1, -1, 1, -1, 1, 1, -1, -1, -1, 1, 1, -1, 1, -1, -1, -1, 1, -1, 1, 1, -1, -1, -1, -1, -1)

[sub_resource type="ConcavePolygonShape3D" id="ConcavePolygonShape3D_byvai"]
data = PackedVector3Array(-1, 1, 1, 1, 1, 1, -1, -1, 1, 1, 1, 1, 1, -1, 1, -1, -1, 1, 1, 1, -1, -1, 1, -1, 1, -1, -1, -1, 1, -1, -1, -1, -1, 1, -1, -1, 1, 1, 1, 1, 1, -1, 1, -1, 1, 1, 1, -1, 1, -1, -1, 1, -1, 1, -1, 1, -1, -1, 1, 1, -1, -1, -1, -1, 1, 1, -1, -1, 1, -1, -1, -1, 1, 1, 1, -1, 1, 1, 1, 1, -1, -1, 1, 1, -1, 1, -1, 1, 1, -1, -1, -1, 1, 1, -1, 1, -1, -1, -1, 1, -1, 1, 1, -1, -1, -1, -1, -1)

[sub_resource type="ConcavePolygonShape3D" id="ConcavePolygonShape3D_ojxyn"]
data = PackedVector3Array(-1, 1, 1, 1, 1, 1, -1, -1, 1, 1, 1, 1, 1, -1, 1, -1, -1, 1, 1, 1, -1, -1, 1, -1, 1, -1, -1, -1, 1, -1, -1, -1, -1, 1, -1, -1, 1, 1, 1, 1, 1, -1, 1, -1, 1, 1, 1, -1, 1, -1, -1, 1, -1, 1, -1, 1, -1, -1, 1, 1, -1, -1, -1, -1, 1, 1, -1, -1, 1, -1, -1, -1, 1, 1, 1, -1, 1, 1, 1, 1, -1, -1, 1, 1, -1, 1, -1, 1, 1, -1, -1, -1, 1, 1, -1, 1, -1, -1, -1, 1, -1, 1, 1, -1, -1, -1, -1, -1)

[sub_resource type="ConcavePolygonShape3D" id="ConcavePolygonShape3D_10c5e"]
data = PackedVector3Array(-1, 1, 1, 1, 1, 1, -1, -1, 1, 1, 1, 1, 1, -1, 1, -1, -1, 1, 1, 1, -1, -1, 1, -1, 1, -1, -1, -1, 1, -1, -1, -1, -1, 1, -1, -1, 1, 1, 1, 1, 1, -1, 1, -1, 1, 1, 1, -1, 1, -1, -1, 1, -1, 1, -1, 1, -1, -1, 1, 1, -1, -1, -1, -1, 1, 1, -1, -1, 1, -1, -1, -1, 1, 1, 1, -1, 1, 1, 1, 1, -1, -1, 1, 1, -1, 1, -1, 1, 1, -1, -1, -1, 1, 1, -1, 1, -1, -1, -1, 1, -1, 1, 1, -1, -1, -1, -1, -1)

[sub_resource type="ConcavePolygonShape3D" id="ConcavePolygonShape3D_xm45i"]
data = PackedVector3Array(-1, 1, 1, 1, 1, 1, -1, -1, 1, 1, 1, 1, 1, -1, 1, -1, -1, 1, 1, 1, -1, -1, 1, -1, 1, -1, -1, -1, 1, -1, -1, -1, -1, 1, -1, -1, 1, 1, 1, 1, 1, -1, 1, -1, 1, 1, 1, -1, 1, -1, -1, 1, -1, 1, -1, 1, -1, -1, 1, 1, -1, -1, -1, -1, 1, 1, -1, -1, 1, -1, -1, -1, 1, 1, 1, -1, 1, 1, 1, 1, -1, -1, 1, 1, -1, 1, -1, 1, 1, -1, -1, -1, 1, 1, -1, 1, -1, -1, -1, 1, -1, 1, 1, -1, -1, -1, -1, -1)

[sub_resource type="ConcavePolygonShape3D" id="ConcavePolygonShape3D_fvnqi"]
data = PackedVector3Array(-1, 1, 1, 1, 1, 1, -1, -1, 1, 1, 1, 1, 1, -1, 1, -1, -1, 1, 1, 1, -1, -1, 1, -1, 1, -1, -1, -1, 1, -1, -1, -1, -1, 1, -1, -1, 1, 1, 1, 1, 1, -1, 1, -1, 1, 1, 1, -1, 1, -1, -1, 1, -1, 1, -1, 1, -1, -1, 1, 1, -1, -1, -1, -1, 1, 1, -1, -1, 1, -1, -1, -1, 1, 1, 1, -1, 1, 1, 1, 1, -1, -1, 1, 1, -1, 1, -1, 1, 1, -1, -1, -1, 1, 1, -1, 1, -1, -1, -1, 1, -1, 1, 1, -1, -1, -1, -1, -1)

[sub_resource type="ConcavePolygonShape3D" id="ConcavePolygonShape3D_msgfn"]
data = PackedVector3Array(-1, 1, 1, 1, 1, 1, -1, -1, 1, 1, 1, 1, 1, -1, 1, -1, -1, 1, 1, 1, -1, -1, 1, -1, 1, -1, -1, -1, 1, -1, -1, -1, -1, 1, -1, -1, 1, 1, 1, 1, 1, -1, 1, -1, 1, 1, 1, -1, 1, -1, -1, 1, -1, 1, -1, 1, -1, -1, 1, 1, -1, -1, -1, -1, 1, 1, -1, -1, 1, -1, -1, -1, 1, 1, 1, -1, 1, 1, 1, 1, -1, -1, 1, 1, -1, 1, -1, 1, 1, -1, -1, -1, 1, 1, -1, 1, -1, -1, -1, 1, -1, 1, 1, -1, -1, -1, -1, -1)

[sub_resource type="ConcavePolygonShape3D" id="ConcavePolygonShape3D_7cf6d"]
data = PackedVector3Array(-1, 1, 1, 1, 1, 1, -1, -1, 1, 1, 1, 1, 1, -1, 1, -1, -1, 1, 1, 1, -1, -1, 1, -1, 1, -1, -1, -1, 1, -1, -1, -1, -1, 1, -1, -1, 1, 1, 1, 1, 1, -1, 1, -1, 1, 1, 1, -1, 1, -1, -1, 1, -1, 1, -1, 1, -1, -1, 1, 1, -1, -1, -1, -1, 1, 1, -1, -1, 1, -1, -1, -1, 1, 1, 1, -1, 1, 1, 1, 1, -1, -1, 1, 1, -1, 1, -1, 1, 1, -1, -1, -1, 1, 1, -1, 1, -1, -1, -1, 1, -1, 1, 1, -1, -1, -1, -1, -1)

[sub_resource type="ConcavePolygonShape3D" id="ConcavePolygonShape3D_35s65"]
data = PackedVector3Array(-1, 1, 1, 1, 1, 1, -1, -1, 1, 1, 1, 1, 1, -1, 1, -1, -1, 1, 1, 1, -1, -1, 1, -1, 1, -1, -1, -1, 1, -1, -1, -1, -1, 1, -1, -1, 1, 1, 1, 1, 1, -1, 1, -1, 1, 1, 1, -1, 1, -1, -1, 1, -1, 1, -1, 1, -1, -1, 1, 1, -1, -1, -1, -1, 1, 1, -1, -1, 1, -1, -1, -1, 1, 1, 1, -1, 1, 1, 1, 1, -1, -1, 1, 1, -1, 1, -1, 1, 1, -1, -1, -1, 1, 1, -1, 1, -1, -1, -1, 1, -1, 1, 1, -1, -1, -1, -1, -1)

[sub_resource type="PlaneMesh" id="PlaneMesh_ltvg4"]
material = ExtResource("1_c0r2u")
size = Vector2(25, 50)
subdivide_width = 25
subdivide_depth = 50

[sub_resource type="BoxShape3D" id="BoxShape3D_fmtqk"]
size = Vector3(25, 2, 50)

[sub_resource type="ProceduralSkyMaterial" id="ProceduralSkyMaterial_4n8x5"]

[sub_resource type="Sky" id="Sky_u260v"]
sky_material = SubResource("ProceduralSkyMaterial_4n8x5")

[sub_resource type="Environment" id="Environment_yj2j3"]
background_mode = 2
sky = SubResource("Sky_u260v")
sdfgi_enabled = true

[node name="TruckTestingScene" type="Node3D" unique_id=156312475]
script = ExtResource("1_bgg07")
singleplayer_mode = true

[node name="floor" type="StaticBody3D" parent="." unique_id=1473227920]

[node name="MeshInstance3D" type="MeshInstance3D" parent="floor" unique_id=1065924857]
transform = Transform3D(1, 0, 0, 0, 1, 0, 0, 0, 1, -25, 0, 0)
mesh = SubResource("PlaneMesh_q1lu1")
skeleton = NodePath("../..")

[node name="CollisionShape3D2" type="CollisionShape3D" parent="floor" unique_id=569555025]
transform = Transform3D(1, 0, 0, 0, 1, 0, 0, 0, 1, -25, 0, 0)
shape = SubResource("ConcavePolygonShape3D_q1lu1")

[node name="MeshInstance3D3" type="MeshInstance3D" parent="floor" unique_id=1983494369]
transform = Transform3D(1, 0, 0, 0, 1, 0, 0, 0, 1, 37.5, 0, 0)
mesh = SubResource("PlaneMesh_68y37")
skeleton = NodePath("../..")

[node name="CollisionShape3D3" type="CollisionShape3D" parent="floor" unique_id=1792768161]
transform = Transform3D(1, 0, 0, 0, 1, 0, 0, 0, 1, 37.5, 0, 0)
shape = SubResource("ConcavePolygonShape3D_68y37")

[node name="MeshInstance3D4" type="MeshInstance3D" parent="floor" unique_id=1997865881]
transform = Transform3D(1, 0, 0, 0, 1, 0, 0, 0, 1, 12.5, 0, -37.5)
mesh = SubResource("PlaneMesh_w3jww")
skeleton = NodePath("../..")

[node name="CollisionShape3D4" type="CollisionShape3D" parent="floor" unique_id=273732981]
transform = Transform3D(1, 0, 0, 0, 1, 0, 0, 0, 1, 12.5, 0, -37.5)
shape = SubResource("ConcavePolygonShape3D_w3jww")

[node name="MeshInstance3D5" type="MeshInstance3D" parent="floor" unique_id=1182389410]
transform = Transform3D(1, 0, 0, 0, 1, 0, 0, 0, 1, 12.5, 0, 37.5)
mesh = SubResource("PlaneMesh_w3jww")
skeleton = NodePath("../..")

[node name="CollisionShape3D5" type="CollisionShape3D" parent="floor" unique_id=114244752]
transform = Transform3D(1, 0, 0, 0, 1, 0, 0, 0, 1, 12.5, 0, 37.5)
shape = SubResource("ConcavePolygonShape3D_4n8x5")

[node name="MeshInstance3D9" type="MeshInstance3D" parent="floor" unique_id=951365920]
transform = Transform3D(1, 0, 0, 0, 0.89415425, 0.44775906, 0, -0.44775906, 0.89415425, 12.5, -1, 23)
mesh = SubResource("PlaneMesh_3vklb")
skeleton = NodePath("../..")

[node name="CollisionShape3D6" type="CollisionShape3D" parent="floor" unique_id=573245917]
transform = Transform3D(1, 0, 0, 0, 0.89415425, 0.44775906, 0, -0.44775906, 0.89415425, 12.5, -1, 23)
shape = SubResource("ConcavePolygonShape3D_yj2j3")

[node name="MeshInstance3D10" type="MeshInstance3D" parent="floor" unique_id=110440175]
transform = Transform3D(-1, -3.914434e-08, 7.816945e-08, 0, 0.89415425, 0.44775906, -8.742278e-08, 0.44775906, -0.89415425, 12.5, -1, -23)
mesh = SubResource("PlaneMesh_3vklb")
skeleton = NodePath("../..")

[node name="CollisionShape3D7" type="CollisionShape3D" parent="floor" unique_id=1552232545]
transform = Transform3D(-1, -3.914434e-08, 7.816945e-08, 0, 0.89415425, 0.44775906, -8.742278e-08, 0.44775906, -0.89415425, 12.5, -1, -23)
shape = SubResource("ConcavePolygonShape3D_r6r1r")

[node name="MeshInstance3D6" type="MeshInstance3D" parent="floor" unique_id=438522383]
transform = Transform3D(1, 0, 0, 0, 1, 0, 0, 0, 1, 12.5, -2, 0)
mesh = SubResource("PlaneMesh_r536u")
skeleton = NodePath("../..")

[node name="CollisionShape3D8" type="CollisionShape3D" parent="floor" unique_id=14067513]
transform = Transform3D(1, 0, 0, 0, 1, 0, 0, 0, 1, 12.5, -2, 0)
shape = SubResource("ConcavePolygonShape3D_06h5q")

[node name="MeshInstance3D7" type="MeshInstance3D" parent="floor" unique_id=1843266497]
transform = Transform3D(0.70710677, 0.70710677, 0, -0.70710677, 0.70710677, 0, 0, 0, 1, 1, -1, 0)
mesh = SubResource("PlaneMesh_nefkt")
skeleton = NodePath("../..")

[node name="CollisionShape3D9" type="CollisionShape3D" parent="floor" unique_id=1840146286]
transform = Transform3D(0.70710677, 0.70710677, 0, -0.70710677, 0.70710677, 0, 0, 0, 1, 1, -1, 0)
shape = SubResource("ConcavePolygonShape3D_c6wqj")

[node name="MeshInstance3D8" type="MeshInstance3D" parent="floor" unique_id=1172677266]
transform = Transform3D(0.7071067, -0.7071067, 0, 0.7071067, 0.7071067, 0, 0, 0, 1, 24, -1, 0)
mesh = SubResource("PlaneMesh_nefkt")
skeleton = NodePath("../..")

[node name="CollisionShape3D" type="CollisionShape3D" parent="floor" unique_id=131440512]
transform = Transform3D(0.7071067, -0.7071067, 0, 0.7071067, 0.7071067, 0, 0, 0, 1, 24, -1, 0)
shape = SubResource("ConcavePolygonShape3D_yhl2s")

[node name="wallN" type="StaticBody3D" parent="." unique_id=177412779]
transform = Transform3D(-4.371139e-08, 0, -1, 0, 1, 0, 1, 0, -4.371139e-08, 0, 0, 0)

[node name="MeshInstance3D" type="MeshInstance3D" parent="wallN" unique_id=1437602356]
transform = Transform3D(0.9952376, 0, 0.09747868, 0, 1, 0, -0.09747868, 0, 0.9952376, -49.233955, 0.973143, 43.297016)
material_override = ExtResource("2_bgg07")
mesh = SubResource("BoxMesh_w3jww")

[node name="CollisionShape3D" type="CollisionShape3D" parent="wallN" unique_id=188555255]
transform = Transform3D(0.9952376, 0, 0.09747868, 0, 1, 0, -0.09747868, 0, 0.9952376, -49.233955, 0.973143, 43.297016)
shape = SubResource("ConcavePolygonShape3D_3vklb")

[node name="MeshInstance3D2" type="MeshInstance3D" parent="wallN" unique_id=577347057]
transform = Transform3D(0.9942261, 0, -0.107305266, 0, 1, 0, 0.107305266, 0, 0.9942261, -49.30771, 0.8783153, 45.0956)
material_override = ExtResource("2_bgg07")
mesh = SubResource("BoxMesh_w3jww")

[node name="CollisionShape3D2" type="CollisionShape3D" parent="wallN" unique_id=1565261868]
transform = Transform3D(0.9942261, 0, -0.107305266, 0, 1, 0, 0.107305266, 0, 0.9942261, -49.30771, 0.8783153, 45.0956)
shape = SubResource("ConcavePolygonShape3D_ltvg4")

[node name="MeshInstance3D3" type="MeshInstance3D" parent="wallN" unique_id=828042665]
transform = Transform3D(0.98723936, 0, -0.15924369, 0, 1, 0, 0.15924369, 0, 0.98723936, -49.4529, 0.973143, 46.899025)
material_override = ExtResource("2_bgg07")
mesh = SubResource("BoxMesh_w3jww")

[node name="CollisionShape3D3" type="CollisionShape3D" parent="wallN" unique_id=1900045088]
transform = Transform3D(0.98723936, 0, -0.15924369, 0, 1, 0, 0.15924369, 0, 0.98723936, -49.4529, 0.973143, 46.899025)
shape = SubResource("ConcavePolygonShape3D_nefkt")

[node name="MeshInstance3D4" type="MeshInstance3D" parent="wallN" unique_id=239473813]
transform = Transform3D(0.9994977, 0, -0.031689845, 0, 1, 0, 0.031689845, 0, 0.9994977, -49.526657, 0.8783153, 48.69761)
material_override = ExtResource("2_bgg07")
mesh = SubResource("BoxMesh_w3jww")

[node name="CollisionShape3D4" type="CollisionShape3D" parent="wallN" unique_id=1032709931]
transform = Transform3D(0.9994977, 0, -0.031689845, 0, 1, 0, 0.031689845, 0, 0.9994977, -49.526657, 0.8783153, 48.69761)
shape = SubResource("ConcavePolygonShape3D_r536u")

[node name="MeshInstance3D5" type="MeshInstance3D" parent="wallN" unique_id=548247731]
transform = Transform3D(0.9952376, 0, 0.09747868, 0, 1, 0, -0.09747868, 0, 0.9952376, -49.233955, 0.973143, 36.172043)
material_override = ExtResource("2_bgg07")
mesh = SubResource("BoxMesh_w3jww")

[node name="CollisionShape3D5" type="CollisionShape3D" parent="wallN" unique_id=1647630242]
transform = Transform3D(0.9952376, 0, 0.09747868, 0, 1, 0, -0.09747868, 0, 0.9952376, -49.233955, 0.973143, 36.172043)
shape = SubResource("ConcavePolygonShape3D_fmtqk")

[node name="MeshInstance3D6" type="MeshInstance3D" parent="wallN" unique_id=907310350]
transform = Transform3D(0.9942261, 0, -0.107305266, 0, 1, 0, 0.107305266, 0, 0.9942261, -49.307713, 0.8783153, 37.97063)
material_override = ExtResource("2_bgg07")
mesh = SubResource("BoxMesh_w3jww")

[node name="CollisionShape3D6" type="CollisionShape3D" parent="wallN" unique_id=267710149]
transform = Transform3D(0.9942261, 0, -0.107305266, 0, 1, 0, 0.107305266, 0, 0.9942261, -49.307713, 0.8783153, 37.97063)
shape = SubResource("ConcavePolygonShape3D_odlq7")

[node name="MeshInstance3D13" type="MeshInstance3D" parent="wallN" unique_id=492800677]
transform = Transform3D(0.9952376, 0, 0.09747868, 0, 1, 0, -0.09747868, 0, 0.9952376, -49.23395, 0.973143, 25.414434)
material_override = ExtResource("2_bgg07")
mesh = SubResource("BoxMesh_w3jww")

[node name="CollisionShape3D7" type="CollisionShape3D" parent="wallN" unique_id=70944784]
transform = Transform3D(0.9952376, 0, 0.09747868, 0, 1, 0, -0.09747868, 0, 0.9952376, -49.23395, 0.973143, 25.414434)
shape = SubResource("ConcavePolygonShape3D_6nuhn")

[node name="MeshInstance3D14" type="MeshInstance3D" parent="wallN" unique_id=251166377]
transform = Transform3D(0.9942261, 0, -0.107305266, 0, 1, 0, 0.107305266, 0, 0.9942261, -49.307713, 0.8783153, 27.213018)
material_override = ExtResource("2_bgg07")
mesh = SubResource("BoxMesh_w3jww")

[node name="CollisionShape3D8" type="CollisionShape3D" parent="wallN" unique_id=1766177680]
transform = Transform3D(0.9942261, 0, -0.107305266, 0, 1, 0, 0.107305266, 0, 0.9942261, -49.307713, 0.8783153, 27.213018)
shape = SubResource("ConcavePolygonShape3D_n2bwo")

[node name="MeshInstance3D7" type="MeshInstance3D" parent="wallN" unique_id=1392182001]
transform = Transform3D(0.98723936, 0, -0.15924369, 0, 1, 0, 0.15924369, 0, 0.98723936, -49.452904, 0.973143, 39.77405)
material_override = ExtResource("2_bgg07")
mesh = SubResource("BoxMesh_w3jww")

[node name="CollisionShape3D9" type="CollisionShape3D" parent="wallN" unique_id=1722376626]
transform = Transform3D(0.98723936, 0, -0.15924369, 0, 1, 0, 0.15924369, 0, 0.98723936, -49.452904, 0.973143, 39.77405)
shape = SubResource("ConcavePolygonShape3D_gkit0")

[node name="MeshInstance3D8" type="MeshInstance3D" parent="wallN" unique_id=221768065]
transform = Transform3D(0.9994977, 0, -0.031689845, 0, 1, 0, 0.031689845, 0, 0.9994977, -49.526657, 0.8783153, 41.572636)
material_override = ExtResource("2_bgg07")
mesh = SubResource("BoxMesh_w3jww")

[node name="CollisionShape3D10" type="CollisionShape3D" parent="wallN" unique_id=1244591614]
transform = Transform3D(0.9994977, 0, -0.031689845, 0, 1, 0, 0.031689845, 0, 0.9994977, -49.526657, 0.8783153, 41.572636)
shape = SubResource("ConcavePolygonShape3D_chu0e")

[node name="MeshInstance3D9" type="MeshInstance3D" parent="wallN" unique_id=14332541]
transform = Transform3D(0.9952376, 0, 0.09747868, 0, 1, 0, -0.09747868, 0, 0.9952376, -49.233955, 0.973143, 28.95014)
material_override = ExtResource("2_bgg07")
mesh = SubResource("BoxMesh_w3jww")

[node name="CollisionShape3D11" type="CollisionShape3D" parent="wallN" unique_id=849031542]
transform = Transform3D(0.9952376, 0, 0.09747868, 0, 1, 0, -0.09747868, 0, 0.9952376, -49.233955, 0.973143, 28.95014)
shape = SubResource("ConcavePolygonShape3D_hlrmv")

[node name="MeshInstance3D10" type="MeshInstance3D" parent="wallN" unique_id=1489854846]
transform = Transform3D(0.9942261, 0, -0.107305266, 0, 1, 0, 0.107305266, 0, 0.9942261, -49.307713, 0.8783153, 30.748724)
material_override = ExtResource("2_bgg07")
mesh = SubResource("BoxMesh_w3jww")

[node name="CollisionShape3D12" type="CollisionShape3D" parent="wallN" unique_id=736253067]
transform = Transform3D(0.9942261, 0, -0.107305266, 0, 1, 0, 0.107305266, 0, 0.9942261, -49.307713, 0.8783153, 30.748724)
shape = SubResource("ConcavePolygonShape3D_02tkd")

[node name="MeshInstance3D11" type="MeshInstance3D" parent="wallN" unique_id=166871538]
transform = Transform3D(0.98723936, 0, -0.15924369, 0, 1, 0, 0.15924369, 0, 0.98723936, -49.452904, 0.973143, 32.55215)
material_override = ExtResource("2_bgg07")
mesh = SubResource("BoxMesh_w3jww")

[node name="CollisionShape3D13" type="CollisionShape3D" parent="wallN" unique_id=2056697051]
transform = Transform3D(0.98723936, 0, -0.15924369, 0, 1, 0, 0.15924369, 0, 0.98723936, -49.452904, 0.973143, 32.55215)
shape = SubResource("ConcavePolygonShape3D_m1j66")

[node name="MeshInstance3D12" type="MeshInstance3D" parent="wallN" unique_id=1672895799]
transform = Transform3D(0.9994977, 0, -0.031689845, 0, 1, 0, 0.031689845, 0, 0.9994977, -49.526657, 0.8783153, 34.350735)
material_override = ExtResource("2_bgg07")
mesh = SubResource("BoxMesh_w3jww")

[node name="CollisionShape3D14" type="CollisionShape3D" parent="wallN" unique_id=622055808]
transform = Transform3D(0.9994977, 0, -0.031689845, 0, 1, 0, 0.031689845, 0, 0.9994977, -49.526657, 0.8783153, 34.350735)
shape = SubResource("ConcavePolygonShape3D_046ik")

[node name="MeshInstance3D15" type="MeshInstance3D" parent="wallN" unique_id=1301051150]
transform = Transform3D(-0.9796006, -0.17656939, -0.095947206, -0.17572848, 0.9842882, -0.017211767, 0.09747877, 0, -0.9952376, -50.197533, 2.6377213, 30.8041)
material_override = ExtResource("2_bgg07")
mesh = SubResource("BoxMesh_w3jww")

[node name="CollisionShape3D15" type="CollisionShape3D" parent="wallN" unique_id=1575725879]
transform = Transform3D(-0.9796006, -0.17656939, -0.095947206, -0.17572848, 0.9842882, -0.017211767, 0.09747877, 0, -0.9952376, -50.197533, 2.6377213, 30.8041)
shape = SubResource("ConcavePolygonShape3D_msiam")

[node name="MeshInstance3D16" type="MeshInstance3D" parent="wallN" unique_id=591922818]
transform = Transform3D(-0.97860503, -0.17656939, 0.105619214, -0.1755499, 0.9842882, 0.018946808, -0.10730517, 0, -0.9942261, -50.10819, 2.5574074, 29.005516)
material_override = ExtResource("2_bgg07")
mesh = SubResource("BoxMesh_w3jww")

[node name="CollisionShape3D16" type="CollisionShape3D" parent="wallN" unique_id=1918822514]
transform = Transform3D(-0.97860503, -0.17656939, 0.105619214, -0.1755499, 0.9842882, 0.018946808, -0.10730517, 0, -0.9942261, -50.10819, 2.5574074, 29.005516)
shape = SubResource("ConcavePolygonShape3D_fw86u")

[node name="MeshInstance3D17" type="MeshInstance3D" parent="wallN" unique_id=2092325336]
transform = Transform3D(-0.971728, -0.17656937, 0.15674159, -0.17431624, 0.9842882, 0.028117545, -0.15924358, 0, -0.9872393, -49.982025, 2.676381, 27.202091)
material_override = ExtResource("2_bgg07")
mesh = SubResource("BoxMesh_w3jww")

[node name="CollisionShape3D17" type="CollisionShape3D" parent="wallN" unique_id=1784899114]
transform = Transform3D(-0.971728, -0.17656937, 0.15674159, -0.17431624, 0.9842882, 0.028117545, -0.15924358, 0, -0.9872393, -49.982025, 2.676381, 27.202091)
shape = SubResource("ConcavePolygonShape3D_nke76")

[node name="MeshInstance3D18" type="MeshInstance3D" parent="wallN" unique_id=1695221742]
transform = Transform3D(-0.9837938, -0.17656939, 0.031191858, -0.1764807, 0.9842882, 0.0055954414, -0.03168976, 0, -0.9994977, -49.89268, 2.5960665, 25.403507)
material_override = ExtResource("2_bgg07")
mesh = SubResource("BoxMesh_w3jww")

[node name="CollisionShape3D18" type="CollisionShape3D" parent="wallN" unique_id=1558435936]
transform = Transform3D(-0.9837938, -0.17656939, 0.031191858, -0.1764807, 0.9842882, 0.0055954414, -0.03168976, 0, -0.9994977, -49.89268, 2.5960665, 25.403507)
shape = SubResource("ConcavePolygonShape3D_sy8a2")

[node name="MeshInstance3D19" type="MeshInstance3D" parent="wallN" unique_id=1280827152]
transform = Transform3D(-0.9796006, -0.17656939, -0.095947206, -0.17572848, 0.9842882, -0.017211767, 0.09747877, 0, -0.9952376, -50.197533, 2.6377218, 37.929073)
material_override = ExtResource("2_bgg07")
mesh = SubResource("BoxMesh_w3jww")

[node name="CollisionShape3D19" type="CollisionShape3D" parent="wallN" unique_id=319260321]
transform = Transform3D(-0.9796006, -0.17656939, -0.095947206, -0.17572848, 0.9842882, -0.017211767, 0.09747877, 0, -0.9952376, -50.197533, 2.6377218, 37.929073)
shape = SubResource("ConcavePolygonShape3D_7q1fm")

[node name="MeshInstance3D20" type="MeshInstance3D" parent="wallN" unique_id=323067421]
transform = Transform3D(-0.97860503, -0.17656939, 0.105619214, -0.1755499, 0.9842882, 0.018946808, -0.10730517, 0, -0.9942261, -50.10819, 2.5574076, 36.13049)
material_override = ExtResource("2_bgg07")
mesh = SubResource("BoxMesh_w3jww")

[node name="CollisionShape3D20" type="CollisionShape3D" parent="wallN" unique_id=894249095]
transform = Transform3D(-0.97860503, -0.17656939, 0.105619214, -0.1755499, 0.9842882, 0.018946808, -0.10730517, 0, -0.9942261, -50.10819, 2.5574076, 36.13049)
shape = SubResource("ConcavePolygonShape3D_x4vop")

[node name="MeshInstance3D21" type="MeshInstance3D" parent="wallN" unique_id=1166529231]
transform = Transform3D(-0.9796006, -0.17656939, -0.095947206, -0.17572848, 0.9842882, -0.017211767, 0.09747877, 0, -0.9952376, -50.19753, 2.6377218, 48.68668)
material_override = ExtResource("2_bgg07")
mesh = SubResource("BoxMesh_w3jww")

[node name="CollisionShape3D21" type="CollisionShape3D" parent="wallN" unique_id=1927504968]
transform = Transform3D(-0.9796006, -0.17656939, -0.095947206, -0.17572848, 0.9842882, -0.017211767, 0.09747877, 0, -0.9952376, -50.19753, 2.6377218, 48.68668)
shape = SubResource("ConcavePolygonShape3D_byvai")

[node name="MeshInstance3D22" type="MeshInstance3D" parent="wallN" unique_id=700883834]
transform = Transform3D(-0.97860503, -0.17656939, 0.105619214, -0.1755499, 0.9842882, 0.018946808, -0.10730517, 0, -0.9942261, -50.108185, 2.5574076, 46.888096)
material_override = ExtResource("2_bgg07")
mesh = SubResource("BoxMesh_w3jww")

[node name="CollisionShape3D22" type="CollisionShape3D" parent="wallN" unique_id=1044662111]
transform = Transform3D(-0.97860503, -0.17656939, 0.105619214, -0.1755499, 0.9842882, 0.018946808, -0.10730517, 0, -0.9942261, -50.108185, 2.5574076, 46.888096)
shape = SubResource("ConcavePolygonShape3D_ojxyn")

[node name="MeshInstance3D23" type="MeshInstance3D" parent="wallN" unique_id=1096081161]
transform = Transform3D(-0.971728, -0.17656937, 0.15674159, -0.17431624, 0.9842882, 0.028117545, -0.15924358, 0, -0.9872393, -49.982025, 2.6763813, 34.327065)
material_override = ExtResource("2_bgg07")
mesh = SubResource("BoxMesh_w3jww")

[node name="CollisionShape3D23" type="CollisionShape3D" parent="wallN" unique_id=909093126]
transform = Transform3D(-0.971728, -0.17656937, 0.15674159, -0.17431624, 0.9842882, 0.028117545, -0.15924358, 0, -0.9872393, -49.982025, 2.6763813, 34.327065)
shape = SubResource("ConcavePolygonShape3D_10c5e")

[node name="MeshInstance3D24" type="MeshInstance3D" parent="wallN" unique_id=184678607]
transform = Transform3D(-0.9837938, -0.17656939, 0.031191858, -0.1764807, 0.9842882, 0.0055954414, -0.03168976, 0, -0.9994977, -49.89268, 2.596067, 32.528477)
material_override = ExtResource("2_bgg07")
mesh = SubResource("BoxMesh_w3jww")

[node name="CollisionShape3D24" type="CollisionShape3D" parent="wallN" unique_id=1187098616]
transform = Transform3D(-0.9837938, -0.17656939, 0.031191858, -0.1764807, 0.9842882, 0.0055954414, -0.03168976, 0, -0.9994977, -49.89268, 2.596067, 32.528477)
shape = SubResource("ConcavePolygonShape3D_xm45i")

[node name="MeshInstance3D25" type="MeshInstance3D" parent="wallN" unique_id=530585474]
transform = Transform3D(-0.9796006, -0.17656939, -0.095947206, -0.17572848, 0.9842882, -0.017211767, 0.09747877, 0, -0.9952376, -50.19753, 2.6377218, 45.150974)
material_override = ExtResource("2_bgg07")
mesh = SubResource("BoxMesh_w3jww")

[node name="CollisionShape3D25" type="CollisionShape3D" parent="wallN" unique_id=709578087]
transform = Transform3D(-0.9796006, -0.17656939, -0.095947206, -0.17572848, 0.9842882, -0.017211767, 0.09747877, 0, -0.9952376, -50.19753, 2.6377218, 45.150974)
shape = SubResource("ConcavePolygonShape3D_fvnqi")

[node name="MeshInstance3D26" type="MeshInstance3D" parent="wallN" unique_id=1717960717]
transform = Transform3D(-0.97860503, -0.17656939, 0.105619214, -0.1755499, 0.9842882, 0.018946808, -0.10730517, 0, -0.9942261, -50.10819, 2.5574076, 43.35239)
material_override = ExtResource("2_bgg07")
mesh = SubResource("BoxMesh_w3jww")

[node name="CollisionShape3D26" type="CollisionShape3D" parent="wallN" unique_id=1253989061]
transform = Transform3D(-0.97860503, -0.17656939, 0.105619214, -0.1755499, 0.9842882, 0.018946808, -0.10730517, 0, -0.9942261, -50.10819, 2.5574076, 43.35239)
shape = SubResource("ConcavePolygonShape3D_msgfn")

[node name="MeshInstance3D27" type="MeshInstance3D" parent="wallN" unique_id=671882040]
transform = Transform3D(-0.971728, -0.17656937, 0.15674159, -0.17431624, 0.9842882, 0.028117545, -0.15924358, 0, -0.9872393, -49.982025, 2.6763813, 41.54897)
material_override = ExtResource("2_bgg07")
mesh = SubResource("BoxMesh_w3jww")

[node name="CollisionShape3D27" type="CollisionShape3D" parent="wallN" unique_id=1167286180]
transform = Transform3D(-0.971728, -0.17656937, 0.15674159, -0.17431624, 0.9842882, 0.028117545, -0.15924358, 0, -0.9872393, -49.982025, 2.6763813, 41.54897)
shape = SubResource("ConcavePolygonShape3D_7cf6d")

[node name="MeshInstance3D28" type="MeshInstance3D" parent="wallN" unique_id=1336995334]
transform = Transform3D(-0.9837938, -0.17656939, 0.031191858, -0.1764807, 0.9842882, 0.0055954414, -0.03168976, 0, -0.9994977, -49.89268, 2.596067, 39.75038)
material_override = ExtResource("2_bgg07")
mesh = SubResource("BoxMesh_w3jww")

[node name="CollisionShape3D28" type="CollisionShape3D" parent="wallN" unique_id=1450669365]
transform = Transform3D(-0.9837938, -0.17656939, 0.031191858, -0.1764807, 0.9842882, 0.0055954414, -0.03168976, 0, -0.9994977, -49.89268, 2.596067, 39.75038)
shape = SubResource("ConcavePolygonShape3D_35s65")

[node name="MeshInstance3D29" type="MeshInstance3D" parent="wallN" unique_id=1037569557]
transform = Transform3D(0.9952376, 0, 0.09747868, 0, 1, 0, -0.09747868, 0, 0.9952376, -49.233955, 0.973143, 18.297012)
material_override = ExtResource("2_bgg07")
mesh = SubResource("BoxMesh_w3jww")

[node name="CollisionShape3D29" type="CollisionShape3D" parent="wallN" unique_id=403124745]
transform = Transform3D(0.9952376, 0, 0.09747868, 0, 1, 0, -0.09747868, 0, 0.9952376, -49.233955, 0.973143, 18.297012)
shape = SubResource("ConcavePolygonShape3D_3vklb")

[node name="MeshInstance3D30" type="MeshInstance3D" parent="wallN" unique_id=240723765]
transform = Transform3D(0.9942261, 0, -0.107305266, 0, 1, 0, 0.107305266, 0, 0.9942261, -49.307713, 0.8783153, 20.095598)
material_override = ExtResource("2_bgg07")
mesh = SubResource("BoxMesh_w3jww")

[node name="CollisionShape3D30" type="CollisionShape3D" parent="wallN" unique_id=306313204]
transform = Transform3D(0.9942261, 0, -0.107305266, 0, 1, 0, 0.107305266, 0, 0.9942261, -49.307713, 0.8783153, 20.095598)
shape = SubResource("ConcavePolygonShape3D_ltvg4")

[node name="MeshInstance3D31" type="MeshInstance3D" parent="wallN" unique_id=161049678]
transform = Transform3D(0.98723936, 0, -0.15924369, 0, 1, 0, 0.15924369, 0, 0.98723936, -49.452904, 0.973143, 21.899023)
material_override = ExtResource("2_bgg07")
mesh = SubResource("BoxMesh_w3jww")

[node name="CollisionShape3D31" type="CollisionShape3D" parent="wallN" unique_id=1552913096]
transform = Transform3D(0.98723936, 0, -0.15924369, 0, 1, 0, 0.15924369, 0, 0.98723936, -49.452904, 0.973143, 21.899023)
